11
22
0
5
10
25
11
13
3
27
44
28
0
40
2
33
42
1
5
30
12
50
9
0
25
44
14
3
1
7
15
2
40
41
0
21
34
6
16
22
7
3
44
55
13
5
1
20
50
12
22
25
5
8
0
32
34
6
1
3
20
13
43
6
3
1
8
90
13
0
5
14
42
12
22
7
17
2
3
10
0
23
7
55
11
13
44
5
4
14
9
32
4
17
7
3
11
32
2
13
8
9
6
1
42
18
23
34
19
5
11
31
17
3
22
15
6
77
12
18
21
20
44
22
21
24
2
10
0
11
1
33
41
15
30
42
0
33
21
39
22
7
5
12
4
8
1
11
31
1
5
21
2
34
42
23
11
50
41
27
25
7
3
8
2
12
5
21
35
8
14
15
77
3
0
1
23
9
19
40
12
21
30
31
23
9
34
36
20
4
5
11
18
1
2
33
15
7
13
35
12
6
3
32
20
5
31
45
11
22
8
32
33
6
12
3
34
9
4
25
35
30
2
28
3
24
6
17
9
4
7
30
1
50
23
37
0
3
9
7
22
15
6
11
8
33
0
19
10
50
1
34
88
5
21
1
8
23
15
33
14
12
9
10
32
22
42
33
3
8
30
44
23
31
16
1
15
10
11
5
20
12
4
35
6
34
9
11
33
2
22
21
5
3
0
2
1
4
20
43
23
3
21
30
25
14
35
17
12
10
34
8
5
23
17
4
9
35
11
0
3
44
24
2
21
13
5
3
31
18
0
7
15
30
26
8
41
23
25
9
12
1
15
18
33
21
20
14
2
40
3
8
9
17
30
33
3
10
11
15
27
20
5
2
23
41
8
25
21
24
